KneesR: 139,520,136,566,121,565,103,560,96,556,99,528
KneesL: 156,520,159,566,180,564,199,557,196,528,183,524,165,520
Head: 120,92,112,77,112,71,115,69,114,54,118,40,126,31,135,26,147,24,165,28,175,37,179,46,180,63,179,68,182,71,182,78,175,91,173,92,168,108,160,116,152,120,141,120,130,113,123,102,122,93
HandsR: 59,384,58,410,52,440,31,445,21,438,10,408,36,377,44,376,57,379
HandsL: 236,384,237,410,243,440,264,445,274,438,285,408,259,377,251,376,238,379
FeetR: 137,700,121,740,106,739,91,730,90,723,109,695,107,683,118,676,131,670
FeetL: 158,700,174,740,189,739,204,730,205,723,185,695,188,683,177,676,164,670
Chest: 199,279,207,246,202,208,198,198,199,184,192,166,173,152,168,144,164,131,155,135,141,135,131,131,126,147,121,153,106,162,95,184,97,198,91,217,88,243,95,269,96,279
ArmsR: 37,376,42,319,55,262,55,221,57,181,67,189,80,183,90,193,94,185,97,187,97,197,92,213,88,238,83,270,76,322,57,380,50,377
ArmsL: 258,376,253,319,240,262,240,221,238,181,228,189,215,193,205,193,201,185,198,187,198,197,203,213,207,238,212,270,219,322,238,380,245,377
Stomach: 199,279,209,354,172,358,117,358,86,355,96,279
ShoulderR: 57,181,63,165,70,155,76,150,125,128,130,131,125,149,114,157,104,164,99,174,90,194,79,194,64,187,
ShoulderL: 238,181,232,165,225,155,219,150,170,128,165,131,170,149,181,157,191,164,196,174,205,194,216,194,231,187
Pelvis: 86,355,117,358,172,358,209,355,215,383,216,397,215,423,183,422,154,423,139,423,135,422,91,422,80,423,79,400,82,371
Neck: 128,111,134,117,140,120,145,121,151,121,161,115,167,110,167,125,168,128,163,132,154,135,142,135,127,128
UpperLegsR: 81,423,87,422,137,422,146,424,143,440,139,520,125,521,111,524,99,528,96,505,83,449
UpperLegsL: 214,423,208,422,158,422,149,424,152,440,156,520,170,521,184,524,196,528,199,505,212,449
LowerLegsR: 96,556,112,563,130,566,137,566,193,604,138,618,133,643,131,670,122,674,111,681,108,661,100,627,95,604,94,594
LowerLegsL: 199,556,183,563,165,566,158,566,156,604,157,618,162,643,164,670,173,674,184,681,187,661,195,627,200,604,201,594
